[
    {
        "# sample cycles": 5000,
        "err ⟨N⟩ (molecules)": 0.6508213214085722,
        "⟨U⟩ (K)": -13381.466128798438,
        "Total # deletion proposals": 69844,
        "⟨U_gh, electro⟩ (K)": 0.0,
        "Total # translation proposals": 50309,
        "repfactors": [
            6,
            3,
            2
        ],
        "⟨N⟩ (molecules)": 3.73959,
        "pressure (bar)": 0.00406574389850439,
        "# samples": 100000,
        "var(N)": 3.5861966319,
        "⟨N⟩ (molecules/unit cell)": 0.10387750000000001,
        "⟨U_gg, vdw⟩ (K)": -19.384338685548283,
        "err ⟨U_gh, vdw⟩ (K)": 2396.010897161461,
        "err ⟨U_gh, electro⟩ (K)": 0.0,
        "err ⟨U_gg, electro⟩ (K)": 0.0,
        "err ⟨N⟩ (molecules/unit cell)": 0.018078370039127004,
        "Total # insertion proposals": 69863,
        "fugacity (bar)": 0.004064747338007634,
        "Total # rotation proposals": 0,
        "Fraction of deletion proposals accepted": 0.01867017925662906,
        "num snapshots": 5000,
        "Fraction of insertion proposals accepted": 0.01870804288392998,
        "temperature (K)": 298.0,
        "err ⟨U⟩ (K)": 2405.238598963105,
        "Fraction of rotation proposals accepted": null,
        "err ⟨U_gg, vdw⟩ (K)": 9.22770180164406,
        "Total # reinsertion proposals": 9984,
        "Fraction of translation proposals accepted": 0.1539287205072651,
        "xtal": "SBMOF-2.cssr",
        "err ⟨N⟩ (mmol/g)": 0.027189182885226516,
        "adsorbate": "Xe",
        "forcefield": "UFF",
        "⟨U_gg, electro⟩ (K)": 0.0,
        "Fraction of reinsertion proposals accepted": 0.004006410256410256,
        "⟨U_gh, vdw⟩ (K)": -13362.08179011289,
        "Q_st (K)": 3883.4481890209163,
        "# burn cycles": 5000,
        "⟨N⟩ (mmol/g)": 0.15622782026517826,
        "density grid": {
            "box": {
                "a": 30.696600000000004,
                "b": 32.4717,
                "c": 30.5196,
                "α": 1.448448746230094,
                "β": 1.49897602807533,
                "γ": 1.4494959437812907,
                "Ω": 29921.599176981174,
                "f_to_c": [
                    [
                        30.696600000000004,
                        0.0,
                        0.0
                    ],
                    [
                        3.929177570037792,
                        32.23310199954562,
                        0.0
                    ],
                    [
                        2.190042891605586,
                        3.4852980015644066,
                        30.240740634667322
                    ]
                ],
                "c_to_f": [
                    [
                        0.032576897767179425,
                        0.0,
                        0.0
                    ],
                    [
                        -0.003971085873460767,
                        0.031024007556396428,
                        0.0
                    ],
                    [
                        -0.0019015534844684975,
                        -0.0035755708778134896,
                        0.033067973171715975
                    ]
                ],
                "reciprocal_lattice": [
                    [
                        0.20468668540423324,
                        0.0,
                        0.0
                    ],
                    [
                        -0.024951068413677106,
                        0.1949295884481785,
                        0.0
                    ],
                    [
                        -0.011947812914428606,
                        -0.022465974404256937,
                        0.20777220317073453
                    ]
                ]
            },
            "n_pts": [
                0,
                0,
                0
            ],
            "data": [],
            "units": "inverse_A3",
            "origin": [
                0.0,
                0.0,
                0.0
            ]
        }
    },
    {
        "# sample cycles": 5000,
        "err ⟨N⟩ (molecules)": 0.9324467044287302,
        "⟨U⟩ (K)": -21294.51669522675,
        "Total # deletion proposals": 70081,
        "⟨U_gh, electro⟩ (K)": 0.0,
        "Total # translation proposals": 50074,
        "repfactors": [
            6,
            3,
            2
        ],
        "⟨N⟩ (molecules)": 5.93497,
        "pressure (bar)": 0.006098989150230248,
        "# samples": 100000,
        "var(N)": 4.126361099100002,
        "⟨N⟩ (molecules/unit cell)": 0.1648602777777778,
        "⟨U_gg, vdw⟩ (K)": -53.239149633518494,
        "err ⟨U_gh, vdw⟩ (K)": 3344.102726935588,
        "err ⟨U_gh, electro⟩ (K)": 0.0,
        "err ⟨U_gg, electro⟩ (K)": 0.0,
        "err ⟨N⟩ (molecules/unit cell)": 0.025901297345242505,
        "Total # insertion proposals": 69734,
        "fugacity (bar)": 0.006096746692723498,
        "Total # rotation proposals": 0,
        "Fraction of deletion proposals accepted": 0.017180120146687405,
        "num snapshots": 5000,
        "Fraction of insertion proposals accepted": 0.017265609315398514,
        "temperature (K)": 298.0,
        "err ⟨U⟩ (K)": 3374.3614945018953,
        "Fraction of rotation proposals accepted": null,
        "err ⟨U_gg, vdw⟩ (K)": 30.258767566307146,
        "Total # reinsertion proposals": 10111,
        "Fraction of translation proposals accepted": 0.15221472221112753,
        "xtal": "SBMOF-2.cssr",
        "err ⟨N⟩ (mmol/g)": 0.038954568855502726,
        "adsorbate": "Xe",
        "forcefield": "UFF",
        "⟨U_gg, electro⟩ (K)": 0.0,
        "Fraction of reinsertion proposals accepted": 0.006626446444466423,
        "⟨U_gh, vdw⟩ (K)": -21241.27754559323,
        "Q_st (K)": 3897.929473089959,
        "# burn cycles": 5000,
        "⟨N⟩ (mmol/g)": 0.2479436051650649,
        "density grid": {
            "box": {
                "a": 30.696600000000004,
                "b": 32.4717,
                "c": 30.5196,
                "α": 1.448448746230094,
                "β": 1.49897602807533,
                "γ": 1.4494959437812907,
                "Ω": 29921.599176981174,
                "f_to_c": [
                    [
                        30.696600000000004,
                        0.0,
                        0.0
                    ],
                    [
                        3.929177570037792,
                        32.23310199954562,
                        0.0
                    ],
                    [
                        2.190042891605586,
                        3.4852980015644066,
                        30.240740634667322
                    ]
                ],
                "c_to_f": [
                    [
                        0.032576897767179425,
                        0.0,
                        0.0
                    ],
                    [
                        -0.003971085873460767,
                        0.031024007556396428,
                        0.0
                    ],
                    [
                        -0.0019015534844684975,
                        -0.0035755708778134896,
                        0.033067973171715975
                    ]
                ],
                "reciprocal_lattice": [
                    [
                        0.20468668540423324,
                        0.0,
                        0.0
                    ],
                    [
                        -0.024951068413677106,
                        0.1949295884481785,
                        0.0
                    ],
                    [
                        -0.011947812914428606,
                        -0.022465974404256937,
                        0.20777220317073453
                    ]
                ]
            },
            "n_pts": [
                0,
                0,
                0
            ],
            "data": [],
            "units": "inverse_A3",
            "origin": [
                0.0,
                0.0,
                0.0
            ]
        }
    },
    {
        "# sample cycles": 5000,
        "err ⟨N⟩ (molecules)": 0.9660941199489826,
        "⟨U⟩ (K)": -26638.879805427532,
        "Total # deletion proposals": 69963,
        "⟨U_gh, electro⟩ (K)": 0.0,
        "Total # translation proposals": 49942,
        "repfactors": [
            6,
            3,
            2
        ],
        "⟨N⟩ (molecules)": 7.44482,
        "pressure (bar)": 0.008129634616871672,
        "# samples": 100000,
        "var(N)": 6.276755167600001,
        "⟨N⟩ (molecules/unit cell)": 0.20680055555555554,
        "⟨U_gg, vdw⟩ (K)": -93.42288569660889,
        "err ⟨U_gh, vdw⟩ (K)": 3556.725947519017,
        "err ⟨U_gh, electro⟩ (K)": 0.0,
        "err ⟨U_gg, electro⟩ (K)": 0.0,
        "err ⟨N⟩ (molecules/unit cell)": 0.026835947776360627,
        "Total # insertion proposals": 70059,
        "fugacity (bar)": 0.008125650469031156,
        "Total # rotation proposals": 0,
        "Fraction of deletion proposals accepted": 0.01659448565670426,
        "num snapshots": 5000,
        "Fraction of insertion proposals accepted": 0.016614567721491884,
        "temperature (K)": 298.0,
        "err ⟨U⟩ (K)": 3598.0681966101583,
        "Fraction of rotation proposals accepted": null,
        "err ⟨U_gg, vdw⟩ (K)": 41.3422490911412,
        "Total # reinsertion proposals": 10036,
        "Fraction of translation proposals accepted": 0.15331784870449722,
        "xtal": "SBMOF-2.cssr",
        "err ⟨N⟩ (mmol/g)": 0.0403602476556615,
        "adsorbate": "Xe",
        "forcefield": "UFF",
        "⟨U_gg, electro⟩ (K)": 0.0,
        "Fraction of reinsertion proposals accepted": 0.005579912315663611,
        "⟨U_gh, vdw⟩ (K)": -26545.456919730925,
        "Q_st (K)": 3860.7156067365318,
        "# burn cycles": 5000,
        "⟨N⟩ (mmol/g)": 0.3110201922848773,
        "density grid": {
            "box": {
                "a": 30.696600000000004,
                "b": 32.4717,
                "c": 30.5196,
                "α": 1.448448746230094,
                "β": 1.49897602807533,
                "γ": 1.4494959437812907,
                "Ω": 29921.599176981174,
                "f_to_c": [
                    [
                        30.696600000000004,
                        0.0,
                        0.0
                    ],
                    [
                        3.929177570037792,
                        32.23310199954562,
                        0.0
                    ],
                    [
                        2.190042891605586,
                        3.4852980015644066,
                        30.240740634667322
                    ]
                ],
                "c_to_f": [
                    [
                        0.032576897767179425,
                        0.0,
                        0.0
                    ],
                    [
                        -0.003971085873460767,
                        0.031024007556396428,
                        0.0
                    ],
                    [
                        -0.0019015534844684975,
                        -0.0035755708778134896,
                        0.033067973171715975
                    ]
                ],
                "reciprocal_lattice": [
                    [
                        0.20468668540423324,
                        0.0,
                        0.0
                    ],
                    [
                        -0.024951068413677106,
                        0.1949295884481785,
                        0.0
                    ],
                    [
                        -0.011947812914428606,
                        -0.022465974404256937,
                        0.20777220317073453
                    ]
                ]
            },
            "n_pts": [
                0,
                0,
                0
            ],
            "data": [],
            "units": "inverse_A3",
            "origin": [
                0.0,
                0.0,
                0.0
            ]
        }
    },
    {
        "# sample cycles": 5000,
        "err ⟨N⟩ (molecules)": 1.3219441488202142,
        "⟨U⟩ (K)": -30348.299590967585,
        "Total # deletion proposals": 69977,
        "⟨U_gh, electro⟩ (K)": 0.0,
        "Total # translation proposals": 49837,
        "repfactors": [
            6,
            3,
            2
        ],
        "⟨N⟩ (molecules)": 8.43907,
        "pressure (bar)": 0.009153043348416531,
        "# samples": 100000,
        "var(N)": 7.96924753510001,
        "⟨N⟩ (molecules/unit cell)": 0.2344186111111111,
        "⟨U_gg, vdw⟩ (K)": -140.30820245482303,
        "err ⟨U_gh, vdw⟩ (K)": 4822.025332247295,
        "err ⟨U_gh, electro⟩ (K)": 0.0,
        "err ⟨U_gg, electro⟩ (K)": 0.0,
        "err ⟨N⟩ (molecules/unit cell)": 0.0367206708005615,
        "Total # insertion proposals": 70220,
        "fugacity (bar)": 0.009147993052614076,
        "Total # rotation proposals": 0,
        "Fraction of deletion proposals accepted": 0.016848393043428556,
        "num snapshots": 5000,
        "Fraction of insertion proposals accepted": 0.0168612930788949,
        "temperature (K)": 298.0,
        "err ⟨U⟩ (K)": 4876.691619617706,
        "Fraction of rotation proposals accepted": null,
        "err ⟨U_gg, vdw⟩ (K)": 54.66628737041086,
        "Total # reinsertion proposals": 9966,
        "Fraction of translation proposals accepted": 0.1602624556052732,
        "xtal": "SBMOF-2.cssr",
        "err ⟨N⟩ (mmol/g)": 0.055226496188750224,
        "adsorbate": "Xe",
        "forcefield": "UFF",
        "⟨U_gg, electro⟩ (K)": 0.0,
        "Fraction of reinsertion proposals accepted": 0.007124222356010436,
        "⟨U_gh, vdw⟩ (K)": -30207.99138851276,
        "Q_st (K)": 3960.828160840687,
        "# burn cycles": 5000,
        "⟨N⟩ (mmol/g)": 0.3525567003776504,
        "density grid": {
            "box": {
                "a": 30.696600000000004,
                "b": 32.4717,
                "c": 30.5196,
                "α": 1.448448746230094,
                "β": 1.49897602807533,
                "γ": 1.4494959437812907,
                "Ω": 29921.599176981174,
                "f_to_c": [
                    [
                        30.696600000000004,
                        0.0,
                        0.0
                    ],
                    [
                        3.929177570037792,
                        32.23310199954562,
                        0.0
                    ],
                    [
                        2.190042891605586,
                        3.4852980015644066,
                        30.240740634667322
                    ]
                ],
                "c_to_f": [
                    [
                        0.032576897767179425,
                        0.0,
                        0.0
                    ],
                    [
                        -0.003971085873460767,
                        0.031024007556396428,
                        0.0
                    ],
                    [
                        -0.0019015534844684975,
                        -0.0035755708778134896,
                        0.033067973171715975
                    ]
                ],
                "reciprocal_lattice": [
                    [
                        0.20468668540423324,
                        0.0,
                        0.0
                    ],
                    [
                        -0.024951068413677106,
                        0.1949295884481785,
                        0.0
                    ],
                    [
                        -0.011947812914428606,
                        -0.022465974404256937,
                        0.20777220317073453
                    ]
                ]
            },
            "n_pts": [
                0,
                0,
                0
            ],
            "data": [],
            "units": "inverse_A3",
            "origin": [
                0.0,
                0.0,
                0.0
            ]
        }
    },
    {
        "# sample cycles": 5000,
        "err ⟨N⟩ (molecules)": 0.9479444839229774,
        "⟨U⟩ (K)": -32824.89933458463,
        "Total # deletion proposals": 69773,
        "⟨U_gh, electro⟩ (K)": 0.0,
        "Total # translation proposals": 50189,
        "repfactors": [
            6,
            3,
            2
        ],
        "⟨N⟩ (molecules)": 9.11248,
        "pressure (bar)": 0.010129375971586349,
        "# samples": 100000,
        "var(N)": 5.326108249599997,
        "⟨N⟩ (molecules/unit cell)": 0.25312444444444443,
        "⟨U_gg, vdw⟩ (K)": -128.92860739710787,
        "err ⟨U_gh, vdw⟩ (K)": 3402.0446589694247,
        "err ⟨U_gh, electro⟩ (K)": 0.0,
        "err ⟨U_gg, electro⟩ (K)": 0.0,
        "err ⟨N⟩ (molecules/unit cell)": 0.026331791220082706,
        "Total # insertion proposals": 70281,
        "fugacity (bar)": 0.010123190911879026,
        "Total # rotation proposals": 0,
        "Fraction of deletion proposals accepted": 0.01694065039485188,
        "num snapshots": 5000,
        "Fraction of insertion proposals accepted": 0.01674705823764602,
        "temperature (K)": 298.0,
        "err ⟨U⟩ (K)": 3433.9167301349908,
        "Fraction of rotation proposals accepted": null,
        "err ⟨U_gg, vdw⟩ (K)": 31.872071165566002,
        "Total # reinsertion proposals": 9757,
        "Fraction of translation proposals accepted": 0.15718583753412102,
        "xtal": "SBMOF-2.cssr",
        "err ⟨N⟩ (mmol/g)": 0.03960201531603359,
        "adsorbate": "Xe",
        "forcefield": "UFF",
        "⟨U_gg, electro⟩ (K)": 0.0,
        "Fraction of reinsertion proposals accepted": 0.0049195449420928565,
        "⟨U_gh, vdw⟩ (K)": -32695.970727187523,
        "Q_st (K)": 3879.2622414741527,
        "# burn cycles": 5000,
        "⟨N⟩ (mmol/g)": 0.3806895642597267,
        "density grid": {
            "box": {
                "a": 30.696600000000004,
                "b": 32.4717,
                "c": 30.5196,
                "α": 1.448448746230094,
                "β": 1.49897602807533,
                "γ": 1.4494959437812907,
                "Ω": 29921.599176981174,
                "f_to_c": [
                    [
                        30.696600000000004,
                        0.0,
                        0.0
                    ],
                    [
                        3.929177570037792,
                        32.23310199954562,
                        0.0
                    ],
                    [
                        2.190042891605586,
                        3.4852980015644066,
                        30.240740634667322
                    ]
                ],
                "c_to_f": [
                    [
                        0.032576897767179425,
                        0.0,
                        0.0
                    ],
                    [
                        -0.003971085873460767,
                        0.031024007556396428,
                        0.0
                    ],
                    [
                        -0.0019015534844684975,
                        -0.0035755708778134896,
                        0.033067973171715975
                    ]
                ],
                "reciprocal_lattice": [
                    [
                        0.20468668540423324,
                        0.0,
                        0.0
                    ],
                    [
                        -0.024951068413677106,
                        0.1949295884481785,
                        0.0
                    ],
                    [
                        -0.011947812914428606,
                        -0.022465974404256937,
                        0.20777220317073453
                    ]
                ]
            },
            "n_pts": [
                0,
                0,
                0
            ],
            "data": [],
            "units": "inverse_A3",
            "origin": [
                0.0,
                0.0,
                0.0
            ]
        }
    },
    {
        "# sample cycles": 5000,
        "err ⟨N⟩ (molecules)": 2.7733026987588345,
        "⟨U⟩ (K)": -59791.088670906545,
        "Total # deletion proposals": 70461,
        "⟨U_gh, electro⟩ (K)": 0.0,
        "Total # translation proposals": 50622,
        "repfactors": [
            6,
            3,
            2
        ],
        "⟨N⟩ (molecules)": 16.51472915458486,
        "pressure (bar)": 0.020293255757524043,
        "# samples": 101737,
        "var(N)": 17.473860821155142,
        "⟨N⟩ (molecules/unit cell)": 0.4587424765162461,
        "⟨U_gg, vdw⟩ (K)": -444.67255122121173,
        "err ⟨U_gh, vdw⟩ (K)": 10054.662145474122,
        "err ⟨U_gh, electro⟩ (K)": 0.0,
        "err ⟨U_gg, electro⟩ (K)": 0.0,
        "err ⟨N⟩ (molecules/unit cell)": 0.07703618607663429,
        "Total # insertion proposals": 70879,
        "fugacity (bar)": 0.020268435494793728,
        "Total # rotation proposals": 0,
        "Fraction of deletion proposals accepted": 0.013936787726543762,
        "num snapshots": 5000,
        "Fraction of insertion proposals accepted": 0.013995682783334979,
        "temperature (K)": 298.0,
        "err ⟨U⟩ (K)": 10192.475614873973,
        "Fraction of rotation proposals accepted": null,
        "err ⟨U_gg, vdw⟩ (K)": 137.81346939985008,
        "Total # reinsertion proposals": 10182,
        "Fraction of translation proposals accepted": 0.15599936786377464,
        "xtal": "SBMOF-2.cssr",
        "err ⟨N⟩ (mmol/g)": 0.11585950212794156,
        "adsorbate": "Xe",
        "forcefield": "UFF",
        "⟨U_gg, electro⟩ (K)": 0.0,
        "Fraction of reinsertion proposals accepted": 0.004812414064034571,
        "⟨U_gh, vdw⟩ (K)": -59346.41611968533,
        "Q_st (K)": 3928.287918323618,
        "# burn cycles": 5000,
        "⟨N⟩ (mmol/g)": 0.6899312860742975,
        "density grid": {
            "box": {
                "a": 30.696600000000004,
                "b": 32.4717,
                "c": 30.5196,
                "α": 1.448448746230094,
                "β": 1.49897602807533,
                "γ": 1.4494959437812907,
                "Ω": 29921.599176981174,
                "f_to_c": [
                    [
                        30.696600000000004,
                        0.0,
                        0.0
                    ],
                    [
                        3.929177570037792,
                        32.23310199954562,
                        0.0
                    ],
                    [
                        2.190042891605586,
                        3.4852980015644066,
                        30.240740634667322
                    ]
                ],
                "c_to_f": [
                    [
                        0.032576897767179425,
                        0.0,
                        0.0
                    ],
                    [
                        -0.003971085873460767,
                        0.031024007556396428,
                        0.0
                    ],
                    [
                        -0.0019015534844684975,
                        -0.0035755708778134896,
                        0.033067973171715975
                    ]
                ],
                "reciprocal_lattice": [
                    [
                        0.20468668540423324,
                        0.0,
                        0.0
                    ],
                    [
                        -0.024951068413677106,
                        0.1949295884481785,
                        0.0
                    ],
                    [
                        -0.011947812914428606,
                        -0.022465974404256937,
                        0.20777220317073453
                    ]
                ]
            },
            "n_pts": [
                0,
                0,
                0
            ],
            "data": [],
            "units": "inverse_A3",
            "origin": [
                0.0,
                0.0,
                0.0
            ]
        }
    },
    {
        "# sample cycles": 5000,
        "err ⟨N⟩ (molecules)": 1.6342283892062128,
        "⟨U⟩ (K)": -86193.62841140956,
        "Total # deletion proposals": 80270,
        "⟨U_gh, electro⟩ (K)": 0.0,
        "Total # translation proposals": 57029,
        "repfactors": [
            6,
            3,
            2
        ],
        "⟨N⟩ (molecules)": 23.671085116888865,
        "pressure (bar)": 0.03002565121283307,
        "# samples": 117462,
        "var(N)": 9.291884809478915,
        "⟨N⟩ (molecules/unit cell)": 0.6575301421358017,
        "⟨U_gg, vdw⟩ (K)": -1003.6368422753274,
        "err ⟨U_gh, vdw⟩ (K)": 5934.882679756236,
        "err ⟨U_gh, electro⟩ (K)": 0.0,
        "err ⟨U_gg, electro⟩ (K)": 0.0,
        "err ⟨N⟩ (molecules/unit cell)": 0.04539523303350591,
        "Total # insertion proposals": 80345,
        "fugacity (bar)": 0.029971324249599092,
        "Total # rotation proposals": 0,
        "Fraction of deletion proposals accepted": 0.012071757817366389,
        "num snapshots": 5000,
        "Fraction of insertion proposals accepted": 0.012122720766693634,
        "temperature (K)": 298.0,
        "err ⟨U⟩ (K)": 6120.367703145843,
        "Fraction of rotation proposals accepted": null,
        "err ⟨U_gg, vdw⟩ (K)": 185.4850233896072,
        "Total # reinsertion proposals": 11346,
        "Fraction of translation proposals accepted": 0.15208052043697065,
        "xtal": "SBMOF-2.cssr",
        "err ⟨N⟩ (mmol/g)": 0.0682727087892416,
        "adsorbate": "Xe",
        "forcefield": "UFF",
        "⟨U_gg, electro⟩ (K)": 0.0,
        "Fraction of reinsertion proposals accepted": 0.0037017451084082496,
        "⟨U_gh, vdw⟩ (K)": -85189.99156913423,
        "Q_st (K)": 3896.7960365244776,
        "# burn cycles": 5000,
        "⟨N⟩ (mmol/g)": 0.9889003957982156,
        "density grid": {
            "box": {
                "a": 30.696600000000004,
                "b": 32.4717,
                "c": 30.5196,
                "α": 1.448448746230094,
                "β": 1.49897602807533,
                "γ": 1.4494959437812907,
                "Ω": 29921.599176981174,
                "f_to_c": [
                    [
                        30.696600000000004,
                        0.0,
                        0.0
                    ],
                    [
                        3.929177570037792,
                        32.23310199954562,
                        0.0
                    ],
                    [
                        2.190042891605586,
                        3.4852980015644066,
                        30.240740634667322
                    ]
                ],
                "c_to_f": [
                    [
                        0.032576897767179425,
                        0.0,
                        0.0
                    ],
                    [
                        -0.003971085873460767,
                        0.031024007556396428,
                        0.0
                    ],
                    [
                        -0.0019015534844684975,
                        -0.0035755708778134896,
                        0.033067973171715975
                    ]
                ],
                "reciprocal_lattice": [
                    [
                        0.20468668540423324,
                        0.0,
                        0.0
                    ],
                    [
                        -0.024951068413677106,
                        0.1949295884481785,
                        0.0
                    ],
                    [
                        -0.011947812914428606,
                        -0.022465974404256937,
                        0.20777220317073453
                    ]
                ]
            },
            "n_pts": [
                0,
                0,
                0
            ],
            "data": [],
            "units": "inverse_A3",
            "origin": [
                0.0,
                0.0,
                0.0
            ]
        }
    },
    {
        "# sample cycles": 5000,
        "err ⟨N⟩ (molecules)": 3.5267592989337335,
        "⟨U⟩ (K)": -100964.1086010708,
        "Total # deletion proposals": 88915,
        "⟨U_gh, electro⟩ (K)": 0.0,
        "Total # translation proposals": 64097,
        "repfactors": [
            6,
            3,
            2
        ],
        "⟨N⟩ (molecules)": 27.68946501628276,
        "pressure (bar)": 0.04026547138769861,
        "# samples": 134191,
        "var(N)": 26.555646032099958,
        "⟨N⟩ (molecules/unit cell)": 0.7691518060078545,
        "⟨U_gg, vdw⟩ (K)": -1323.9832303869582,
        "err ⟨U_gh, vdw⟩ (K)": 13022.690704845185,
        "err ⟨U_gh, electro⟩ (K)": 0.0,
        "err ⟨U_gg, electro⟩ (K)": 0.0,
        "err ⟨N⟩ (molecules/unit cell)": 0.0979655360814926,
        "Total # insertion proposals": 88950,
        "fugacity (bar)": 0.04016778815222425,
        "Total # rotation proposals": 0,
        "Fraction of deletion proposals accepted": 0.011145476016420177,
        "num snapshots": 5000,
        "Fraction of insertion proposals accepted": 0.011129848229342328,
        "temperature (K)": 298.0,
        "err ⟨U⟩ (K)": 13345.938191325298,
        "Fraction of rotation proposals accepted": null,
        "err ⟨U_gg, vdw⟩ (K)": 323.24748648011246,
        "Total # reinsertion proposals": 12689,
        "Fraction of translation proposals accepted": 0.15214440613445246,
        "xtal": "SBMOF-2.cssr",
        "err ⟨N⟩ (mmol/g)": 0.14733645075325513,
        "adsorbate": "Xe",
        "forcefield": "UFF",
        "⟨U_gg, electro⟩ (K)": 0.0,
        "Fraction of reinsertion proposals accepted": 0.003625187169989755,
        "⟨U_gh, vdw⟩ (K)": -99640.12537068383,
        "Q_st (K)": 4023.689477554861,
        "# burn cycles": 5000,
        "⟨N⟩ (mmol/g)": 1.15677514481608,
        "density grid": {
            "box": {
                "a": 30.696600000000004,
                "b": 32.4717,
                "c": 30.5196,
                "α": 1.448448746230094,
                "β": 1.49897602807533,
                "γ": 1.4494959437812907,
                "Ω": 29921.599176981174,
                "f_to_c": [
                    [
                        30.696600000000004,
                        0.0,
                        0.0
                    ],
                    [
                        3.929177570037792,
                        32.23310199954562,
                        0.0
                    ],
                    [
                        2.190042891605586,
                        3.4852980015644066,
                        30.240740634667322
                    ]
                ],
                "c_to_f": [
                    [
                        0.032576897767179425,
                        0.0,
                        0.0
                    ],
                    [
                        -0.003971085873460767,
                        0.031024007556396428,
                        0.0
                    ],
                    [
                        -0.0019015534844684975,
                        -0.0035755708778134896,
                        0.033067973171715975
                    ]
                ],
                "reciprocal_lattice": [
                    [
                        0.20468668540423324,
                        0.0,
                        0.0
                    ],
                    [
                        -0.024951068413677106,
                        0.1949295884481785,
                        0.0
                    ],
                    [
                        -0.011947812914428606,
                        -0.022465974404256937,
                        0.20777220317073453
                    ]
                ]
            },
            "n_pts": [
                0,
                0,
                0
            ],
            "data": [],
            "units": "inverse_A3",
            "origin": [
                0.0,
                0.0,
                0.0
            ]
        }
    },
    {
        "# sample cycles": 5000,
        "err ⟨N⟩ (molecules)": 1.5923223258290244,
        "⟨U⟩ (K)": -110776.97099844676,
        "Total # deletion proposals": 104520,
        "⟨U_gh, electro⟩ (K)": 0.0,
        "Total # translation proposals": 74300,
        "repfactors": [
            6,
            3,
            2
        ],
        "⟨N⟩ (molecules)": 30.447084247756727,
        "pressure (bar)": 0.04922179766472638,
        "# samples": 149001,
        "var(N)": 19.431970495174028,
        "⟨N⟩ (molecules/unit cell)": 0.8457523402154646,
        "⟨U_gg, vdw⟩ (K)": -1449.1714942215174,
        "err ⟨U_gh, vdw⟩ (K)": 5946.7956458407225,
        "err ⟨U_gh, electro⟩ (K)": 0.0,
        "err ⟨U_gg, electro⟩ (K)": 0.0,
        "err ⟨N⟩ (molecules/unit cell)": 0.0442311757174729,
        "Total # insertion proposals": 103780,
        "fugacity (bar)": 0.04907584807809208,
        "Total # rotation proposals": 0,
        "Fraction of deletion proposals accepted": 0.009538844240336778,
        "num snapshots": 5000,
        "Fraction of insertion proposals accepted": 0.009674311042590094,
        "temperature (K)": 298.0,
        "err ⟨U⟩ (K)": 6092.177429267189,
        "Fraction of rotation proposals accepted": null,
        "err ⟨U_gg, vdw⟩ (K)": 145.38178342646646,
        "Total # reinsertion proposals": 14728,
        "Fraction of translation proposals accepted": 0.1498384925975774,
        "xtal": "SBMOF-2.cssr",
        "err ⟨N⟩ (mmol/g)": 0.06652201073482586,
        "adsorbate": "Xe",
        "forcefield": "UFF",
        "⟨U_gg, electro⟩ (K)": 0.0,
        "Fraction of reinsertion proposals accepted": 0.003598587724063009,
        "⟨U_gh, vdw⟩ (K)": -109327.79950422524,
        "Q_st (K)": 3921.00061025684,
        "# burn cycles": 5000,
        "⟨N⟩ (mmol/g)": 1.271979443055864,
        "density grid": {
            "box": {
                "a": 30.696600000000004,
                "b": 32.4717,
                "c": 30.5196,
                "α": 1.448448746230094,
                "β": 1.49897602807533,
                "γ": 1.4494959437812907,
                "Ω": 29921.599176981174,
                "f_to_c": [
                    [
                        30.696600000000004,
                        0.0,
                        0.0
                    ],
                    [
                        3.929177570037792,
                        32.23310199954562,
                        0.0
                    ],
                    [
                        2.190042891605586,
                        3.4852980015644066,
                        30.240740634667322
                    ]
                ],
                "c_to_f": [
                    [
                        0.032576897767179425,
                        0.0,
                        0.0
                    ],
                    [
                        -0.003971085873460767,
                        0.031024007556396428,
                        0.0
                    ],
                    [
                        -0.0019015534844684975,
                        -0.0035755708778134896,
                        0.033067973171715975
                    ]
                ],
                "reciprocal_lattice": [
                    [
                        0.20468668540423324,
                        0.0,
                        0.0
                    ],
                    [
                        -0.024951068413677106,
                        0.1949295884481785,
                        0.0
                    ],
                    [
                        -0.011947812914428606,
                        -0.022465974404256937,
                        0.20777220317073453
                    ]
                ]
            },
            "n_pts": [
                0,
                0,
                0
            ],
            "data": [],
            "units": "inverse_A3",
            "origin": [
                0.0,
                0.0,
                0.0
            ]
        }
    },
    {
        "# sample cycles": 5000,
        "err ⟨N⟩ (molecules)": 2.1484268872603,
        "⟨U⟩ (K)": -123983.20249027645,
        "Total # deletion proposals": 115688,
        "⟨U_gh, electro⟩ (K)": 0.0,
        "Total # translation proposals": 82530,
        "repfactors": [
            6,
            3,
            2
        ],
        "⟨N⟩ (molecules)": 33.96673450265873,
        "pressure (bar)": 0.050470494439126365,
        "# samples": 167561,
        "var(N)": 14.86029910371667,
        "⟨N⟩ (molecules/unit cell)": 0.9435204028516314,
        "⟨U_gg, vdw⟩ (K)": -1812.8526775719959,
        "err ⟨U_gh, vdw⟩ (K)": 7857.4952182011975,
        "err ⟨U_gh, electro⟩ (K)": 0.0,
        "err ⟨U_gg, electro⟩ (K)": 0.0,
        "err ⟨N⟩ (molecules/unit cell)": 0.059678524646119446,
        "Total # insertion proposals": 115446,
        "fugacity (bar)": 0.05031704907493133,
        "Total # rotation proposals": 0,
        "Fraction of deletion proposals accepted": 0.009672567595601964,
        "num snapshots": 5000,
        "Fraction of insertion proposals accepted": 0.009770801933371447,
        "temperature (K)": 298.0,
        "err ⟨U⟩ (K)": 8136.489622400718,
        "Fraction of rotation proposals accepted": null,
        "err ⟨U_gg, vdw⟩ (K)": 278.9944041995201,
        "Total # reinsertion proposals": 16651,
        "Fraction of translation proposals accepted": 0.15199321458863443,
        "xtal": "SBMOF-2.cssr",
        "err ⟨N⟩ (mmol/g)": 0.0897542376559405,
        "adsorbate": "Xe",
        "forcefield": "UFF",
        "⟨U_gg, electro⟩ (K)": 0.0,
        "Fraction of reinsertion proposals accepted": 0.002642483934898805,
        "⟨U_gh, vdw⟩ (K)": -122170.34981270446,
        "Q_st (K)": 4011.082348573413,
        "# burn cycles": 5000,
        "⟨N⟩ (mmol/g)": 1.4190189012368728,
        "density grid": {
            "box": {
                "a": 30.696600000000004,
                "b": 32.4717,
                "c": 30.5196,
                "α": 1.448448746230094,
                "β": 1.49897602807533,
                "γ": 1.4494959437812907,
                "Ω": 29921.599176981174,
                "f_to_c": [
                    [
                        30.696600000000004,
                        0.0,
                        0.0
                    ],
                    [
                        3.929177570037792,
                        32.23310199954562,
                        0.0
                    ],
                    [
                        2.190042891605586,
                        3.4852980015644066,
                        30.240740634667322
                    ]
                ],
                "c_to_f": [
                    [
                        0.032576897767179425,
                        0.0,
                        0.0
                    ],
                    [
                        -0.003971085873460767,
                        0.031024007556396428,
                        0.0
                    ],
                    [
                        -0.0019015534844684975,
                        -0.0035755708778134896,
                        0.033067973171715975
                    ]
                ],
                "reciprocal_lattice": [
                    [
                        0.20468668540423324,
                        0.0,
                        0.0
                    ],
                    [
                        -0.024951068413677106,
                        0.1949295884481785,
                        0.0
                    ],
                    [
                        -0.011947812914428606,
                        -0.022465974404256937,
