[
    {
        "# sample cycles": 5000,
        "err ⟨N⟩ (molecules)": 0.2351804681515878,
        "⟨U⟩ (K)": -13099.61052665383,
        "Total # deletion proposals": 69848,
        "⟨U_gh, electro⟩ (K)": 0.0,
        "Total # translation proposals": 50616,
        "repfactors": [
            6,
            3,
            2
        ],
        "⟨N⟩ (molecules)": 3.65437,
        "pressure (bar)": 0.00406574389850439,
        "# samples": 100000,
        "var(N)": 2.9092699031,
        "⟨N⟩ (molecules/unit cell)": 0.10151027777777778,
        "⟨U_gg, vdw⟩ (K)": -20.060209089020955,
        "err ⟨U_gh, vdw⟩ (K)": 865.9762875483559,
        "err ⟨U_gh, electro⟩ (K)": 0.0,
        "err ⟨U_gg, electro⟩ (K)": 0.0,
        "err ⟨N⟩ (molecules/unit cell)": 0.00653279078198855,
        "Total # insertion proposals": 69496,
        "fugacity (bar)": 0.00406574389850439,
        "Total # rotation proposals": 0,
        "Fraction of deletion proposals accepted": 0.01732333066086359,
        "num snapshots": 5000,
        "Fraction of insertion proposals accepted": 0.01746863128813169,
        "temperature (K)": 298.0,
        "err ⟨U⟩ (K)": 871.6857038280543,
        "Fraction of rotation proposals accepted": null,
        "err ⟨U_gg, vdw⟩ (K)": 5.709416279698457,
        "Total # reinsertion proposals": 10040,
        "Fraction of translation proposals accepted": 0.15467441125335862,
        "xtal": "SBMOF-2.cssr",
        "err ⟨N⟩ (mmol/g)": 0.009825069568660399,
        "adsorbate": "Xe",
        "forcefield": "UFF",
        "⟨U_gg, electro⟩ (K)": 0.0,
        "Fraction of reinsertion proposals accepted": 0.0051792828685258965,
        "⟨U_gh, vdw⟩ (K)": -13079.55031756481,
        "Q_st (K)": 3863.8022837108147,
        "# burn cycles": 5000,
        "⟨N⟩ (mmol/g)": 0.15266760782397523,
        "density grid": {
            "box": {
                "a": 30.696600000000004,
                "b": 32.4717,
                "c": 30.5196,
                "α": 1.448448746230094,
                "β": 1.49897602807533,
                "γ": 1.4494959437812907,
                "Ω": 29921.599176981174,
                "f_to_c": [
                    [
                        30.696600000000004,
                        0.0,
                        0.0
                    ],
                    [
                        3.929177570037792,
                        32.23310199954562,
                        0.0
                    ],
                    [
                        2.190042891605586,
                        3.4852980015644066,
                        30.240740634667322
                    ]
                ],
                "c_to_f": [
                    [
                        0.032576897767179425,
                        0.0,
                        0.0
                    ],
                    [
                        -0.003971085873460767,
                        0.031024007556396428,
                        0.0
                    ],
                    [
                        -0.0019015534844684975,
                        -0.0035755708778134896,
                        0.033067973171715975
                    ]
                ],
                "reciprocal_lattice": [
                    [
                        0.20468668540423324,
                        0.0,
                        0.0
                    ],
                    [
                        -0.024951068413677106,
                        0.1949295884481785,
                        0.0
                    ],
                    [
                        -0.011947812914428606,
                        -0.022465974404256937,
                        0.20777220317073453
                    ]
                ]
            },
            "n_pts": [
                0,
                0,
                0
            ],
            "data": [],
            "units": "inverse_A3",
            "origin": [
                0.0,
                0.0,
                0.0
            ]
        }
    },
    {
        "# sample cycles": 5000,
        "err ⟨N⟩ (molecules)": 0.2566586943783516,
        "⟨U⟩ (K)": -22328.034769923936,
        "Total # deletion proposals": 70220,
        "⟨U_gh, electro⟩ (K)": 0.0,
        "Total # translation proposals": 50155,
        "repfactors": [
            6,
            3,
            2
        ],
        "⟨N⟩ (molecules)": 6.19961,
        "pressure (bar)": 0.006098989150230248,
        "# samples": 100000,
        "var(N)": 6.295325847900003,
        "⟨N⟩ (molecules/unit cell)": 0.17221138888888887,
        "⟨U_gg, vdw⟩ (K)": -73.7573574856582,
        "err ⟨U_gh, vdw⟩ (K)": 979.6510695500202,
        "err ⟨U_gh, electro⟩ (K)": 0.0,
        "err ⟨U_gg, electro⟩ (K)": 0.0,
        "err ⟨N⟩ (molecules/unit cell)": 0.0071294081771764335,
        "Total # insertion proposals": 69550,
        "fugacity (bar)": 0.006098989150230248,
        "Total # rotation proposals": 0,
        "Fraction of deletion proposals accepted": 0.017359726573625747,
        "num snapshots": 5000,
        "Fraction of insertion proposals accepted": 0.01751258087706686,
        "temperature (K)": 298.0,
        "err ⟨U⟩ (K)": 1003.60589701892,
        "Fraction of rotation proposals accepted": null,
        "err ⟨U_gg, vdw⟩ (K)": 23.954827468899783,
        "Total # reinsertion proposals": 10075,
        "Fraction of translation proposals accepted": 0.15715282623866014,
        "xtal": "SBMOF-2.cssr",
        "err ⟨N⟩ (mmol/g)": 0.010722359503270796,
        "adsorbate": "Xe",
        "forcefield": "UFF",
        "⟨U_gg, electro⟩ (K)": 0.0,
        "Fraction of reinsertion proposals accepted": 0.006550868486352357,
        "⟨U_gh, vdw⟩ (K)": -22254.277412438278,
        "Q_st (K)": 3904.6214776955267,
        "# burn cycles": 5000,
        "⟨N⟩ (mmol/g)": 0.2589993974725041,
        "density grid": {
            "box": {
                "a": 30.696600000000004,
                "b": 32.4717,
                "c": 30.5196,
                "α": 1.448448746230094,
                "β": 1.49897602807533,
                "γ": 1.4494959437812907,
                "Ω": 29921.599176981174,
                "f_to_c": [
                    [
                        30.696600000000004,
                        0.0,
                        0.0
                    ],
                    [
                        3.929177570037792,
                        32.23310199954562,
                        0.0
                    ],
                    [
                        2.190042891605586,
                        3.4852980015644066,
                        30.240740634667322
                    ]
                ],
                "c_to_f": [
                    [
                        0.032576897767179425,
                        0.0,
                        0.0
                    ],
                    [
                        -0.003971085873460767,
                        0.031024007556396428,
                        0.0
                    ],
                    [
                        -0.0019015534844684975,
                        -0.0035755708778134896,
                        0.033067973171715975
                    ]
                ],
                "reciprocal_lattice": [
                    [
                        0.20468668540423324,
                        0.0,
                        0.0
                    ],
                    [
                        -0.024951068413677106,
                        0.1949295884481785,
                        0.0
                    ],
                    [
                        -0.011947812914428606,
                        -0.022465974404256937,
                        0.20777220317073453
                    ]
                ]
            },
            "n_pts": [
                0,
                0,
                0
            ],
            "data": [],
            "units": "inverse_A3",
            "origin": [
                0.0,
                0.0,
                0.0
            ]
        }
    },
    {
        "# sample cycles": 5000,
        "err ⟨N⟩ (molecules)": 0.7097517063029859,
        "⟨U⟩ (K)": -24998.554097832282,
        "Total # deletion proposals": 69838,
        "⟨U_gh, electro⟩ (K)": 0.0,
        "Total # translation proposals": 50247,
        "repfactors": [
            6,
            3,
            2
        ],
        "⟨N⟩ (molecules)": 6.94447,
        "pressure (bar)": 0.008129634616871672,
        "# samples": 100000,
        "var(N)": 5.6581464190999995,
        "⟨N⟩ (molecules/unit cell)": 0.19290194444444445,
        "⟨U_gg, vdw⟩ (K)": -92.05970065778233,
        "err ⟨U_gh, vdw⟩ (K)": 2613.213674135999,
        "err ⟨U_gh, electro⟩ (K)": 0.0,
        "err ⟨U_gg, electro⟩ (K)": 0.0,
        "err ⟨N⟩ (molecules/unit cell)": 0.01971532517508294,
        "Total # insertion proposals": 69855,
        "fugacity (bar)": 0.008129634616871672,
        "Total # rotation proposals": 0,
        "Fraction of deletion proposals accepted": 0.016194621839113375,
        "num snapshots": 5000,
        "Fraction of insertion proposals accepted": 0.016262257533462172,
        "temperature (K)": 298.0,
        "err ⟨U⟩ (K)": 2656.0496392040895,
        "Fraction of rotation proposals accepted": null,
        "err ⟨U_gg, vdw⟩ (K)": 42.83596506809029,
        "Total # reinsertion proposals": 10060,
        "Fraction of translation proposals accepted": 0.157422333671662,
        "xtal": "SBMOF-2.cssr",
        "err ⟨N⟩ (mmol/g)": 0.02965110132533418,
        "adsorbate": "Xe",
        "forcefield": "UFF",
        "⟨U_gg, electro⟩ (K)": 0.0,
        "Fraction of reinsertion proposals accepted": 0.005666003976143141,
        "⟨U_gh, vdw⟩ (K)": -24906.4943971745,
        "Q_st (K)": 3893.3121852458266,
        "# burn cycles": 5000,
        "⟨N⟩ (mmol/g)": 0.2901172083027611,
        "density grid": {
            "box": {
                "a": 30.696600000000004,
                "b": 32.4717,
                "c": 30.5196,
                "α": 1.448448746230094,
                "β": 1.49897602807533,
                "γ": 1.4494959437812907,
                "Ω": 29921.599176981174,
                "f_to_c": [
                    [
                        30.696600000000004,
                        0.0,
                        0.0
                    ],
                    [
                        3.929177570037792,
                        32.23310199954562,
                        0.0
                    ],
                    [
                        2.190042891605586,
                        3.4852980015644066,
                        30.240740634667322
                    ]
                ],
                "c_to_f": [
                    [
                        0.032576897767179425,
                        0.0,
                        0.0
                    ],
                    [
                        -0.003971085873460767,
                        0.031024007556396428,
                        0.0
                    ],
                    [
                        -0.0019015534844684975,
                        -0.0035755708778134896,
                        0.033067973171715975
                    ]
                ],
                "reciprocal_lattice": [
                    [
                        0.20468668540423324,
                        0.0,
                        0.0
                    ],
                    [
                        -0.024951068413677106,
                        0.1949295884481785,
                        0.0
                    ],
                    [
                        -0.011947812914428606,
                        -0.022465974404256937,
                        0.20777220317073453
                    ]
                ]
            },
            "n_pts": [
                0,
                0,
                0
            ],
            "data": [],
            "units": "inverse_A3",
            "origin": [
                0.0,
                0.0,
                0.0
            ]
        }
    },
    {
        "# sample cycles": 5000,
        "err ⟨N⟩ (molecules)": 0.8980222634211242,
        "⟨U⟩ (K)": -32557.12780372725,
        "Total # deletion proposals": 69861,
        "⟨U_gh, electro⟩ (K)": 0.0,
        "Total # translation proposals": 50027,
        "repfactors": [
            6,
            3,
            2
        ],
        "⟨N⟩ (molecules)": 9.02643,
        "pressure (bar)": 0.009153043348416531,
        "# samples": 100000,
        "var(N)": 6.292451455100007,
        "⟨N⟩ (molecules/unit cell)": 0.25073416666666665,
        "⟨U_gg, vdw⟩ (K)": -129.32053312849092,
        "err ⟨U_gh, vdw⟩ (K)": 3316.7586798964912,
        "err ⟨U_gh, electro⟩ (K)": 0.0,
        "err ⟨U_gg, electro⟩ (K)": 0.0,
        "err ⟨N⟩ (molecules/unit cell)": 0.024945062872809006,
        "Total # insertion proposals": 70117,
        "fugacity (bar)": 0.009153043348416531,
        "Total # rotation proposals": 0,
        "Fraction of deletion proposals accepted": 0.0161892901618929,
        "num snapshots": 5000,
        "Fraction of insertion proposals accepted": 0.016144444285979147,
        "temperature (K)": 298.0,
        "err ⟨U⟩ (K)": 3347.1322730192655,
        "Fraction of rotation proposals accepted": null,
        "err ⟨U_gg, vdw⟩ (K)": 30.37359312277417,
        "Total # reinsertion proposals": 9995,
        "Fraction of translation proposals accepted": 0.15735502828472625,
        "xtal": "SBMOF-2.cssr",
        "err ⟨N⟩ (mmol/g)": 0.037516428475817924,
        "adsorbate": "Xe",
        "forcefield": "UFF",
        "⟨U_gg, electro⟩ (K)": 0.0,
        "Fraction of reinsertion proposals accepted": 0.003701850925462731,
        "⟨U_gh, vdw⟩ (K)": -32427.807270598758,
        "Q_st (K)": 3893.9263343039606,
        "# burn cycles": 5000,
        "⟨N⟩ (mmol/g)": 0.37709467713739014,
        "density grid": {
            "box": {
                "a": 30.696600000000004,
                "b": 32.4717,
                "c": 30.5196,
                "α": 1.448448746230094,
                "β": 1.49897602807533,
                "γ": 1.4494959437812907,
                "Ω": 29921.599176981174,
                "f_to_c": [
                    [
                        30.696600000000004,
                        0.0,
                        0.0
                    ],
                    [
                        3.929177570037792,
                        32.23310199954562,
                        0.0
                    ],
                    [
                        2.190042891605586,
                        3.4852980015644066,
                        30.240740634667322
                    ]
                ],
                "c_to_f": [
                    [
                        0.032576897767179425,
                        0.0,
                        0.0
                    ],
                    [
                        -0.003971085873460767,
                        0.031024007556396428,
                        0.0
                    ],
                    [
                        -0.0019015534844684975,
                        -0.0035755708778134896,
                        0.033067973171715975
                    ]
                ],
                "reciprocal_lattice": [
                    [
                        0.20468668540423324,
                        0.0,
                        0.0
                    ],
                    [
                        -0.024951068413677106,
                        0.1949295884481785,
                        0.0
                    ],
                    [
                        -0.011947812914428606,
                        -0.022465974404256937,
                        0.20777220317073453
                    ]
                ]
            },
            "n_pts": [
                0,
                0,
                0
            ],
            "data": [],
            "units": "inverse_A3",
            "origin": [
                0.0,
                0.0,
                0.0
            ]
        }
    },
    {
        "# sample cycles": 5000,
        "err ⟨N⟩ (molecules)": 1.1892741451046698,
        "⟨U⟩ (K)": -35735.25363702627,
        "Total # deletion proposals": 70049,
        "⟨U_gh, electro⟩ (K)": 0.0,
        "Total # translation proposals": 49685,
        "repfactors": [
            6,
            3,
            2
        ],
        "⟨N⟩ (molecules)": 9.878453646390609,
        "pressure (bar)": 0.010129375971586349,
        "# samples": 100003,
        "var(N)": 10.025415278260411,
        "⟨N⟩ (molecules/unit cell)": 0.2744014901775169,
        "⟨U_gg, vdw⟩ (K)": -207.2091572337616,
        "err ⟨U_gh, vdw⟩ (K)": 4477.608025239835,
        "err ⟨U_gh, electro⟩ (K)": 0.0,
        "err ⟨U_gg, electro⟩ (K)": 0.0,
        "err ⟨N⟩ (molecules/unit cell)": 0.033035392919574164,
        "Total # insertion proposals": 70145,
        "fugacity (bar)": 0.010129375971586349,
        "Total # rotation proposals": 0,
        "Fraction of deletion proposals accepted": 0.016288597981413012,
        "num snapshots": 5000,
        "Fraction of insertion proposals accepted": 0.016252049326395325,
        "temperature (K)": 298.0,
        "err ⟨U⟩ (K)": 4555.25108789538,
        "Fraction of rotation proposals accepted": null,
        "err ⟨U_gg, vdw⟩ (K)": 77.64306265554434,
        "Total # reinsertion proposals": 10124,
        "Fraction of translation proposals accepted": 0.1575525812619503,
        "xtal": "SBMOF-2.cssr",
        "err ⟨N⟩ (mmol/g)": 0.0496839780263173,
        "adsorbate": "Xe",
        "forcefield": "UFF",
        "⟨U_gg, electro⟩ (K)": 0.0,
        "Fraction of reinsertion proposals accepted": 0.005432635322007112,
        "⟨U_gh, vdw⟩ (K)": -35528.04447979251,
        "Q_st (K)": 3990.9387588158884,
        "# burn cycles": 5000,
        "⟨N⟩ (mmol/g)": 0.41268943407330927,
        "density grid": {
            "box": {
                "a": 30.696600000000004,
                "b": 32.4717,
                "c": 30.5196,
                "α": 1.448448746230094,
                "β": 1.49897602807533,
                "γ": 1.4494959437812907,
                "Ω": 29921.599176981174,
                "f_to_c": [
                    [
                        30.696600000000004,
                        0.0,
                        0.0
                    ],
                    [
                        3.929177570037792,
                        32.23310199954562,
                        0.0
                    ],
                    [
                        2.190042891605586,
                        3.4852980015644066,
                        30.240740634667322
                    ]
                ],
                "c_to_f": [
                    [
                        0.032576897767179425,
                        0.0,
                        0.0
                    ],
                    [
                        -0.003971085873460767,
                        0.031024007556396428,
                        0.0
                    ],
                    [
                        -0.0019015534844684975,
                        -0.0035755708778134896,
                        0.033067973171715975
                    ]
                ],
                "reciprocal_lattice": [
                    [
                        0.20468668540423324,
                        0.0,
                        0.0
                    ],
                    [
                        -0.024951068413677106,
                        0.1949295884481785,
                        0.0
                    ],
                    [
                        -0.011947812914428606,
                        -0.022465974404256937,
                        0.20777220317073453
                    ]
                ]
            },
            "n_pts": [
                0,
                0,
                0
            ],
            "data": [],
            "units": "inverse_A3",
            "origin": [
                0.0,
                0.0,
                0.0
            ]
        }
    },
    {
        "# sample cycles": 5000,
        "err ⟨N⟩ (molecules)": 2.24604387298852,
        "⟨U⟩ (K)": -64257.23069398516,
        "Total # deletion proposals": 72591,
        "⟨U_gh, electro⟩ (K)": 0.0,
        "Total # translation proposals": 51116,
        "repfactors": [
            6,
            3,
            2
        ],
        "⟨N⟩ (molecules)": 17.635526965889387,
        "pressure (bar)": 0.020293255757524043,
        "# samples": 103223,
        "var(N)": 16.50285106527309,
        "⟨N⟩ (molecules/unit cell)": 0.489875749052483,
        "⟨U_gg, vdw⟩ (K)": -560.1130724988129,
        "err ⟨U_gh, vdw⟩ (K)": 8178.027733080607,
        "err ⟨U_gh, electro⟩ (K)": 0.0,
        "err ⟨U_gg, electro⟩ (K)": 0.0,
        "err ⟨N⟩ (molecules/unit cell)": 0.06239010758301444,
        "Total # insertion proposals": 72074,
        "fugacity (bar)": 0.020293255757524043,
        "Total # rotation proposals": 0,
        "Fraction of deletion proposals accepted": 0.014244190051108264,
        "num snapshots": 5000,
        "Fraction of insertion proposals accepted": 0.014457363265532647,
        "temperature (K)": 298.0,
        "err ⟨U⟩ (K)": 8293.683919613672,
        "Fraction of rotation proposals accepted": null,
        "err ⟨U_gg, vdw⟩ (K)": 115.6561865330647,
        "Total # reinsertion proposals": 10370,
        "Fraction of translation proposals accepted": 0.15165505908130528,
        "xtal": "SBMOF-2.cssr",
        "err ⟨N⟩ (mmol/g)": 0.09383235555153248,
        "adsorbate": "Xe",
        "forcefield": "UFF",
        "⟨U_gg, electro⟩ (K)": 0.0,
        "Fraction of reinsertion proposals accepted": 0.004435872709739634,
        "⟨U_gh, vdw⟩ (K)": -63697.11762148635,
        "Q_st (K)": 3960.708897986688,
        "# burn cycles": 5000,
        "⟨N⟩ (mmol/g)": 0.7367545471852989,
        "density grid": {
            "box": {
                "a": 30.696600000000004,
                "b": 32.4717,
                "c": 30.5196,
                "α": 1.448448746230094,
                "β": 1.49897602807533,
                "γ": 1.4494959437812907,
                "Ω": 29921.599176981174,
                "f_to_c": [
                    [
                        30.696600000000004,
                        0.0,
                        0.0
                    ],
                    [
                        3.929177570037792,
                        32.23310199954562,
                        0.0
                    ],
                    [
                        2.190042891605586,
                        3.4852980015644066,
                        30.240740634667322
                    ]
                ],
                "c_to_f": [
                    [
                        0.032576897767179425,
                        0.0,
                        0.0
                    ],
                    [
                        -0.003971085873460767,
                        0.031024007556396428,
                        0.0
                    ],
                    [
                        -0.0019015534844684975,
                        -0.0035755708778134896,
                        0.033067973171715975
                    ]
                ],
                "reciprocal_lattice": [
                    [
                        0.20468668540423324,
                        0.0,
                        0.0
                    ],
                    [
                        -0.024951068413677106,
                        0.1949295884481785,
                        0.0
                    ],
                    [
                        -0.011947812914428606,
                        -0.022465974404256937,
                        0.20777220317073453
                    ]
                ]
            },
            "n_pts": [
                0,
                0,
                0
            ],
            "data": [],
            "units": "inverse_A3",
            "origin": [
                0.0,
                0.0,
                0.0
            ]
        }
    },
    {
        "# sample cycles": 5000,
        "err ⟨N⟩ (molecules)": 1.7401907831878058,
        "⟨U⟩ (K)": -86315.29060698213,
        "Total # deletion proposals": 80722,
        "⟨U_gh, electro⟩ (K)": 0.0,
        "Total # translation proposals": 57569,
        "repfactors": [
            6,
            3,
            2
        ],
        "⟨N⟩ (molecules)": 23.75387660838007,
        "pressure (bar)": 0.03002565121283307,
        "# samples": 118209,
        "var(N)": 9.94524347591323,
        "⟨N⟩ (molecules/unit cell)": 0.6598299057883353,
        "⟨U_gg, vdw⟩ (K)": -929.5447292316915,
        "err ⟨U_gh, vdw⟩ (K)": 6446.05591385629,
        "err ⟨U_gh, electro⟩ (K)": 0.0,
        "err ⟨U_gg, electro⟩ (K)": 0.0,
        "err ⟨N⟩ (molecules/unit cell)": 0.04833863286632794,
        "Total # insertion proposals": 80169,
        "fugacity (bar)": 0.03002565121283307,
        "Total # rotation proposals": 0,
        "Fraction of deletion proposals accepted": 0.01251207849161319,
        "num snapshots": 5000,
        "Fraction of insertion proposals accepted": 0.012698175105090496,
        "temperature (K)": 298.0,
        "err ⟨U⟩ (K)": 6616.885746960595,
        "Fraction of rotation proposals accepted": null,
        "err ⟨U_gg, vdw⟩ (K)": 170.82983310430436,
        "Total # reinsertion proposals": 11383,
        "Fraction of translation proposals accepted": 0.1528947871250152,
        "xtal": "SBMOF-2.cssr",
        "err ⟨N⟩ (mmol/g)": 0.07269947050424894,
        "adsorbate": "Xe",
        "forcefield": "UFF",
        "⟨U_gg, electro⟩ (K)": 0.0,
        "Fraction of reinsertion proposals accepted": 0.002899060001757006,
        "⟨U_gh, vdw⟩ (K)": -85385.74587775044,
        "Q_st (K)": 3975.4405815631853,
        "# burn cycles": 5000,
        "⟨N⟩ (mmol/g)": 0.9923591531090905,
        "density grid": {
            "box": {
                "a": 30.696600000000004,
                "b": 32.4717,
                "c": 30.5196,
                "α": 1.448448746230094,
                "β": 1.49897602807533,
                "γ": 1.4494959437812907,
                "Ω": 29921.599176981174,
                "f_to_c": [
                    [
                        30.696600000000004,
                        0.0,
                        0.0
                    ],
                    [
                        3.929177570037792,
                        32.23310199954562,
                        0.0
                    ],
                    [
                        2.190042891605586,
                        3.4852980015644066,
                        30.240740634667322
                    ]
                ],
                "c_to_f": [
                    [
                        0.032576897767179425,
                        0.0,
                        0.0
                    ],
                    [
                        -0.003971085873460767,
                        0.031024007556396428,
                        0.0
                    ],
                    [
                        -0.0019015534844684975,
                        -0.0035755708778134896,
                        0.033067973171715975
                    ]
                ],
                "reciprocal_lattice": [
                    [
                        0.20468668540423324,
                        0.0,
                        0.0
                    ],
                    [
                        -0.024951068413677106,
                        0.1949295884481785,
                        0.0
                    ],
                    [
                        -0.011947812914428606,
                        -0.022465974404256937,
                        0.20777220317073453
                    ]
                ]
            },
            "n_pts": [
                0,
                0,
                0
            ],
            "data": [],
            "units": "inverse_A3",
            "origin": [
                0.0,
                0.0,
                0.0
            ]
        }
    },
    {
        "# sample cycles": 5000,
        "err ⟨N⟩ (molecules)": 1.5438531436766374,
        "⟨U⟩ (K)": -102494.30705136481,
        "Total # deletion proposals": 98634,
        "⟨U_gh, electro⟩ (K)": 0.0,
        "Total # translation proposals": 70412,
        "repfactors": [
            6,
            3,
            2
        ],
        "⟨N⟩ (molecules)": 28.088881014708647,
        "pressure (bar)": 0.04026547138769861,
        "# samples": 138286,
        "var(N)": 12.698990233633253,
        "⟨N⟩ (molecules/unit cell)": 0.780246694853018,
        "⟨U_gg, vdw⟩ (K)": -1270.2465155467432,
        "err ⟨U_gh, vdw⟩ (K)": 5842.0578491696,
        "err ⟨U_gh, electro⟩ (K)": 0.0,
        "err ⟨U_gg, electro⟩ (K)": 0.0,
        "err ⟨N⟩ (molecules/unit cell)": 0.04288480954657326,
        "Total # insertion proposals": 98830,
        "fugacity (bar)": 0.04026547138769861,
        "Total # rotation proposals": 0,
        "Fraction of deletion proposals accepted": 0.0104527850436969,
        "num snapshots": 5000,
        "Fraction of insertion proposals accepted": 0.01052312050996661,
        "temperature (K)": 298.0,
        "err ⟨U⟩ (K)": 6063.723499571504,
        "Fraction of rotation proposals accepted": null,
        "err ⟨U_gg, vdw⟩ (K)": 221.6656504019047,
        "Total # reinsertion proposals": 14140,
        "Fraction of translation proposals accepted": 0.14934954269158665,
        "xtal": "SBMOF-2.cssr",
        "err ⟨N⟩ (mmol/g)": 0.06449712707707105,
        "adsorbate": "Xe",
        "forcefield": "UFF",
        "⟨U_gg, electro⟩ (K)": 0.0,
        "Fraction of reinsertion proposals accepted": 0.0036775106082036777,
        "⟨U_gh, vdw⟩ (K)": -101224.06053581808,
        "Q_st (K)": 4077.5265286156928,
        "# burn cycles": 5000,
        "⟨N⟩ (mmol/g)": 1.1734614368462533,
        "density grid": {
            "box": {
                "a": 30.696600000000004,
                "b": 32.4717,
                "c": 30.5196,
                "α": 1.448448746230094,
                "β": 1.49897602807533,
                "γ": 1.4494959437812907,
                "Ω": 29921.599176981174,
                "f_to_c": [
                    [
                        30.696600000000004,
                        0.0,
                        0.0
                    ],
                    [
                        3.929177570037792,
                        32.23310199954562,
                        0.0
                    ],
                    [
                        2.190042891605586,
                        3.4852980015644066,
                        30.240740634667322
                    ]
                ],
                "c_to_f": [
                    [
                        0.032576897767179425,
                        0.0,
                        0.0
                    ],
                    [
                        -0.003971085873460767,
                        0.031024007556396428,
                        0.0
                    ],
                    [
                        -0.0019015534844684975,
                        -0.0035755708778134896,
                        0.033067973171715975
                    ]
                ],
                "reciprocal_lattice": [
                    [
                        0.20468668540423324,
                        0.0,
                        0.0
                    ],
                    [
                        -0.024951068413677106,
                        0.1949295884481785,
                        0.0
                    ],
                    [
                        -0.011947812914428606,
                        -0.022465974404256937,
                        0.20777220317073453
                    ]
                ]
            },
            "n_pts": [
                0,
                0,
                0
            ],
            "data": [],
            "units": "inverse_A3",
            "origin": [
                0.0,
                0.0,
                0.0
            ]
        }
    },
    {
        "# sample cycles": 5000,
        "err ⟨N⟩ (molecules)": 1.0652927020765146,
        "⟨U⟩ (K)": -118310.95333388781,
        "Total # deletion proposals": 104824,
        "⟨U_gh, electro⟩ (K)": 0.0,
        "Total # translation proposals": 74901,
        "repfactors": [
            6,
            3,
            2
        ],
        "⟨N⟩ (molecules)": 32.4296159393595,
        "pressure (bar)": 0.04922179766472638,
        "# samples": 160157,
        "var(N)": 13.185073681927406,
        "⟨N⟩ (molecules/unit cell)": 0.9008226649822083,
        "⟨U_gg, vdw⟩ (K)": -1707.025761669934,
        "err ⟨U_gh, vdw⟩ (K)": 3696.980912205416,
        "err ⟨U_gh, electro⟩ (K)": 0.0,
        "err ⟨U_gg, electro⟩ (K)": 0.0,
        "err ⟨N⟩ (molecules/unit cell)": 0.02959146394656985,
        "Total # insertion proposals": 104661,
        "fugacity (bar)": 0.04922179766472638,
        "Total # rotation proposals": 0,
        "Fraction of deletion proposals accepted": 0.009768755246890025,
        "num snapshots": 5000,
        "Fraction of insertion proposals accepted": 0.009717086593860178,
        "temperature (K)": 298.0,
        "err ⟨U⟩ (K)": 3866.460792526814,
        "Fraction of rotation proposals accepted": null,
        "err ⟨U_gg, vdw⟩ (K)": 169.47988032139807,
        "Total # reinsertion proposals": 14890,
        "Fraction of translation proposals accepted": 0.1511995834501542,
        "xtal": "SBMOF-2.cssr",
        "err ⟨N⟩ (mmol/g)": 0.044504439467913805,
        "adsorbate": "Xe",
        "forcefield": "UFF",
        "⟨U_gg, electro⟩ (K)": 0.0,
        "Fraction of reinsertion proposals accepted": 0.004029550033579583,
        "⟨U_gh, vdw⟩ (K)": -116603.92757221787,
        "Q_st (K)": 3927.163559948467,
        "# burn cycles": 5000,
        "⟨N⟩ (mmol/g)": 1.3548031228672168,
        "density grid": {
            "box": {
                "a": 30.696600000000004,
                "b": 32.4717,
                "c": 30.5196,
                "α": 1.448448746230094,
                "β": 1.49897602807533,
                "γ": 1.4494959437812907,
                "Ω": 29921.599176981174,
                "f_to_c": [
                    [
                        30.696600000000004,
                        0.0,
                        0.0
                    ],
                    [
                        3.929177570037792,
                        32.23310199954562,
                        0.0
                    ],
                    [
                        2.190042891605586,
                        3.4852980015644066,
                        30.240740634667322
                    ]
                ],
                "c_to_f": [
                    [
                        0.032576897767179425,
                        0.0,
                        0.0
                    ],
                    [
                        -0.003971085873460767,
                        0.031024007556396428,
                        0.0
                    ],
                    [
                        -0.0019015534844684975,
                        -0.0035755708778134896,
                        0.033067973171715975
                    ]
                ],
                "reciprocal_lattice": [
                    [
                        0.20468668540423324,
                        0.0,
                        0.0
                    ],
                    [
                        -0.024951068413677106,
                        0.1949295884481785,
                        0.0
                    ],
                    [
                        -0.011947812914428606,
                        -0.022465974404256937,
                        0.20777220317073453
                    ]
                ]
            },
            "n_pts": [
                0,
                0,
                0
            ],
            "data": [],
            "units": "inverse_A3",
            "origin": [
                0.0,
                0.0,
                0.0
            ]
        }
    },
    {
        "# sample cycles": 5000,
        "err ⟨N⟩ (molecules)": 2.9661340817859614,
        "⟨U⟩ (K)": -111259.72990478802,
        "Total # deletion proposals": 110482,
        "⟨U_gh, electro⟩ (K)": 0.0,
        "Total # translation proposals": 79110,
        "repfactors": [
            6,
            3,
            2
        ],
        "⟨N⟩ (molecules)": 30.558539269634817,
        "pressure (bar)": 0.050470494439126365,
        "# samples": 149925,
        "var(N)": 16.32063685242656,
        "⟨N⟩ (molecules/unit cell)": 0.8488483130454116,
        "⟨U_gg, vdw⟩ (K)": -1508.7419496316588,
        "err ⟨U_gh, vdw⟩ (K)": 10566.633160782687,
        "err ⟨U_gh, electro⟩ (K)": 0.0,
        "err ⟨U_gg, electro⟩ (K)": 0.0,
        "err ⟨N⟩ (molecules/unit cell)": 0.08239261338294337,
        "Total # insertion proposals": 109940,
        "fugacity (bar)": 0.05047049443912637,
        "Total # rotation proposals": 0,
        "Fraction of deletion proposals accepted": 0.009422349341974258,
        "num snapshots": 5000,
        "Fraction of insertion proposals accepted": 0.009577951609969075,
        "temperature (K)": 298.0,
        "err ⟨U⟩ (K)": 10910.971071073467,
        "Fraction of rotation proposals accepted": null,
        "err ⟨U_gg, vdw⟩ (K)": 344.3379102907801,
        "Total # reinsertion proposals": 15793,
        "Fraction of translation proposals accepted": 0.15269877385918343,
        "xtal": "SBMOF-2.cssr",
        "err ⟨N⟩ (mmol/g)": 0.12391536564481047,
        "adsorbate": "Xe",
        "forcefield": "UFF",
        "⟨U_gg, electro⟩ (K)": 0.0,
        "Fraction of reinsertion proposals accepted": 0.00240612929779016,
        "⟨U_gh, vdw⟩ (K)": -109750.98795515636,
        "Q_st (K)": 3927.659656239919,
        "# burn cycles": 5000,
        "⟨N⟩ (mmol/g)": 1.2766356687719507,
        "density grid": {
            "box": {
                "a": 30.696600000000004,
                "b": 32.4717,
                "c": 30.5196,
                "α": 1.448448746230094,
                "β": 1.49897602807533,
                "γ": 1.4494959437812907,
                "Ω": 29921.599176981174,
                "f_to_c": [
                    [
                        30.696600000000004,
                        0.0,
                        0.0
                    ],
                    [
                        3.929177570037792,
                        32.23310199954562,
                        0.0
                    ],
                    [
                        2.190042891605586,
                        3.4852980015644066,
                        30.240740634667322
                    ]
                ],
                "c_to_f": [
                    [
                        0.032576897767179425,
                        0.0,
                        0.0
                    ],
                    [
                        -0.003971085873460767,
                        0.031024007556396428,
                        0.0
                    ],
                    [
                        -0.0019015534844684975,
                        -0.0035755708778134896,
                        0.033067973171715975
                    ]
                ],
                "reciprocal_lattice": [
                    [
                        0.20468668540423324,
                        0.0,
                        0.0
                    ],
                    [
                        -0.024951068413677106,
                        0.1949295884481785,
                        0.0
                    ],
                    [
                        -0.011947812914428606,
                        -0.022465974404256937,
